-1072460348 
-1072245596 
-1070686930 
-1065337580 
-1060239463 
-1056004605 
-1055865873 
-1054576693 
-1049488073 
-1047964541 
-1046755075 
-1045091951 
-1043950124 
-1043426219 
-1042861283 
-1042833123 
-1041739096 
-1039966460 
-1036419124 
-1034965381 
-1034646253 
-1032498487 
-1029072916 
-1028399311 
-1025411987 
-1024867669 
-1022604648 
-1021746780 
-1014607727 
-1013858984 
-1012981179 
-1012104288 
-1008863172 
-1006701690 
-1006105722 
-1005766732 
-997741754 
-995844148 
-995795766 
-992592679 
-981135680 
-979263717 
-979222270 
-977939703 
-976693084 
-970880645 
-969584755 
-968692472 
-966450945 
-965677481 
-955256830 
-955135958 
-952007572 
-949838653 
-949079819 
-942478455 
-940169556 
-937790537 
-937198847 
-935988031 
-934932568 
-930366670 
-929764973 
-926423527 
-925529185 
-916135568 
-915223078 
-913434837 
-911657861 
-911198484 
-910221438 
-910000844 
-908659058 
-902432092 
-899856216 
-897664267 
-897558236 
-897066569 
-894527976 
-893678430 
-891227172 
-888402864 
-888120992 
-888050597 
-888008660 
-887580963 
-885620251 
-877184867 
-873127371 
-872740135 
-867427223 
-864676647 
-863790424 
-863726662 
-863584863 
-859709228 
-858830755 
-857974856 
-856552617 
-856492587 
-856039120 
-851171953 
-849853507 
-849832646 
-849623011 
-848682084 
-845305243 
-843460760 
-841712784 
-841448474 
-839781484 
-837809695 
-832071675 
-830518847 
-828914116 
-826348840 
-823868783 
-823420924 
-823033921 
-820818381 
-816800593 
-815567185 
-812972952 
-812687878 
-812401878 
-812310393 
-811266170 
-808746606 
-808456838 
-808376226 
-806785935 
-804179781 
-803570936 
-801047197 
-795608613 
-795295054 
-790067272 
-789104524 
-786332961 
-785931410 
-783871608 
-774417557 
-771006093 
-760583278 
-759337750 
-755130540 
-754157187 
-752993288 
-749494850 
-748475880 
-741590024 
-740559663 
-739714648 
-739126884 
-737967606 
-736066437 
-735458666 
-733377426 
-729896129 
-725065301 
-713756098 
-713110901 
-712499737 
-710159547 
-701598834 
-698350608 
-693984311 
-690106058 
-686744739 
-686487938 
-685131598 
-684202781 
-681570897 
-680618432 
-680421228 
-680033378 
-678011111 
-677963931 
-675426084 
-674357279 
-670066122 
-669161559 
-669028030 
-667542287 
-665461028 
-662849571 
-662780615 
-662270626 
-662264618 
-660742036 
-658584503 
-656288747 
-655242127 
-654939932 
-652910633 
-652460518 
-648995579 
-646032770 
-645138013 
-645019234 
-643932857 
-641390543 
-631674589 
-629230719 
-629090489 
-627685102 
-627182257 
-626038893 
-625211455 
-624046057 
-623948405 
-623727370 
-620423522 
-620234114 
-618671034 
-618107699 
-615825496 
-615645216 
-611164035 
-610561524 
-610298917 
-609619615 
-609284828 
-608311650 
-606947689 
-604299525 
-601748940 
-600055206 
-598358174 
-598173264 
-595996125 
-595208406 
-594588516 
-593939210 
-593835370 
-592129106 
-591809106 
-589218198 
-588742140 
-582767801 
-580045301 
-579722859 
-578405443 
-572391433 
-572379774 
-570899688 
-570696926 
-570649819 
-568625521 
-567379400 
-567020752 
-565926854 
-559522390 
-557465928 
-556356152 
-553899200 
-550312848 
-548348880 
-547158049 
-545836023 
-545705103 
-542659927 
-537010689 
-536884238 
-535630640 
-534888454 
-534060144 
-532903811 
-531628696 
-528679069 
-528419521 
-518546724 
-517299204 
-512308097 
-510129047 
-506937911 
-499733112 
-499315797 
-497346249 
-496518090 
-496171778 
-494462462 
-487827130 
-485867902 
-484279535 
-483178299 
-481923507 
-481064405 
-480502746 
-468885125 
-464492944 
-461020499 
-458195691 
-457953229 
-454458018 
-452443570 
-449748393 
-445913159 
-444088515 
-442693832 
-440963155 
-438770831 
-438504546 
-433841555 
-433659990 
-432508952 
-428195340 
-427362896 
-426440774 
-423084728 
-419839994 
-419145625 
-418702396 
-418589960 
-408665429 
-406420866 
-406129601 
-405095895 
-404955623 
-403498719 
-402291310 
-395067671 
-392456533 
-391545872 
-389983211 
-388555962 
-387883046 
-387144812 
-381789166 
-379222759 
-378435979 
-376795151 
-376480883 
-370083453 
-365386768 
-364414841 
-359065245 
-358976797 
-351959834 
-349999633 
-343533694 
-343413841 
-340205396 
-334418002 
-332094584 
-325099090 
-321778614 
-321316507 
-320038882 
-318843463 
-315212681 
-308077006 
-306342702 
-304555403 
-299176131 
-295402926 
-294521352 
-294322561 
-289644614 
-285709295 
-284585359 
-282745872 
-278876792 
-277757377 
-275840339 
-274950351 
-273340305 
-271691043 
-270593407 
-260063205 
-257640169 
-255142687 
-251737076 
-250907938 
-248716737 
-245353822 
-244941331 
-244693612 
-235895517 
-229283634 
-225936137 
-223133747 
-222768618 
-222542622 
-214699620 
-202945157 
-199533965 
-198175211 
-196508606 
-196041854 
-194630425 
-191391980 
-189638604 
-187556229 
-187236650 
-180811775 
-180004390 
-178782683 
-175631645 
-172672579 
-167820430 
-167173641 
-162184888 
-161216471 
-157298356 
-156965911 
-154535228 
-154083019 
-153898140 
-151063191 
-150086222 
-145449120 
-144325997 
-141904195 
-141513053 
-140908584 
-130995486 
-130786642 
-130645219 
-130097197 
-127972188 
-127289743 
-124730544 
-120014308 
-119150071 
-118751565 
-117859095 
-117760524 
-117286709 
-116034180 
-115092494 
-111015291 
-110882223 
-110735678 
-107056075 
-105847120 
-100866341 
-100564513 
-100269090 
-98032090 
-96849224 
-95788509 
-95773083 
-95356017 
-91850362 
-90652259 
-90091185 
-88003361 
-87842225 
-86206635 
-86183100 
-85225279 
-83630486 
-78976484 
-78080097 
-77592908 
-77193945 
-75782770 
-75539491 
-74998279 
-72818631 
-67533043 
-66608583 
-64974445 
-64407782 
-62874211 
-62842892 
-62682629 
-61714011 
-61335531 
-59564931 
-58360836 
-57517566 
-56111879 
-55445608 
-55135217 
-54300446 
-52771786 
-52745124 
-46232455 
-43852346 
-41920828 
-41321702 
-39273433 
-35647857 
-35127154 
-33178519 
-31767297 
-30801643 
-30529989 
-29922813 
-28614749 
-28332678 
-26284477 
-23694205 
-23625375 
-19523642 
-18495059 
-18324517 
-18117997 
-15493105 
-15075153 
-12282915 
-11723611 
-8798684 
-3653595 
-1395305 
-843907 
709451 
933911 
1235686 
1273958 
4260522 
4660701 
4961266 
5650515 
5760585 
7350206 
7592519 
10009341 
10297533 
10515632 
11783196 
14911266 
18093468 
19155123 
20493154 
20616216 
22390893 
26065180 
27285162 
34914195 
37195873 
43483445 
53279465 
54505583 
55572536 
56164775 
56518280 
56645909 
57120280 
57854633 
59018922 
59740009 
60397025 
64798044 
66330765 
66631634 
68770521 
69275182 
72045381 
73556843 
76007993 
81634749 
82810447 
84568220 
85717634 
85764146 
86138676 
94528733 
95374427 
95718847 
97788740 
99467793 
100166427 
101014141 
102924093 
104494531 
104527955 
107172259 
107991224 
110600869 
112222184 
116862692 
117036079 
120757720 
121664982 
122960510 
127645506 
131843923 
133709199 
135830885 
136520028 
139923509 
144805600 
147547930 
153385285 
154096281 
160089400 
161035714 
162882597 
167138647 
168488742 
168762865 
171864136 
172059841 
172717060 
173364589 
176476140 
176671548 
179377817 
182119918 
183394025 
184602720 
185997975 
188685168 
193079238 
195349816 
198635958 
200676971 
203288292 
204766501 
205337499 
207425069 
209824304 
213130718 
214922706 
218726791 
219955022 
221601883 
223661796 
225914047 
228476941 
232116773 
233551774 
233816055 
234402397 
235799817 
237787327 
238024563 
238966290 
239364128 
241920046 
246335711 
250422772 
257311043 
257851964 
263084874 
264769587 
265920199 
267759603 
268442143 
268628952 
278076510 
278554081 
278971694 
280303111 
284058891 
284787722 
285874950 
287913193 
289854785 
291477955 
291778759 
292401629 
293941218 
295054578 
295549656 
297973557 
298706015 
306239480 
313469389 
315229795 
316629207 
317761774 
319406745 
326834218 
328411455 
328914025 
329164375 
329968516 
332384781 
333260667 
337357242 
338007273 
345721217 
346197118 
352009993 
354880641 
355501909 
358901606 
360120832 
362415728 
362439968 
364163323 
365728225 
366050900 
366367012 
369758540 
373175426 
375573739 
376282931 
379107322 
380856098 
381450614 
382248732 
388222362 
389699691 
390606231 
391405562 
400391809 
402187952 
402754063 
402924442 
402924478 
403051355 
403293666 
406211371 
406967005 
407244224 
407599700 
407872100 
410953036 
414969746 
423451199 
427517888 
429829313 
430189620 
431882683 
433511649 
434177500 
436727863 
437651475 
439584176 
447195678 
447434018 
455681752 
458074510 
458864310 
459502654 
459822772 
460426502 
461167776 
461788525 
463658495 
464036921 
466019155 
466044686 
466136406 
468255058 
468843953 
469363914 
470125496 
473693270 
480696154 
482662179 
482983732 
494051522 
497355336 
497687828 
499518332 
501701177 
508809257 
513004701 
515818933 
517809503 
519637641 
522378511 
522980337 
523212276 
523516651 
524798552 
527726305 
529974923 
530509474 
530925075 
535573225 
537031644 
539752050 
546792531 
550718804 
552883139 
553474409 
553751478 
555275649 
558184796 
561729624 
562683822 
562898659 
570259415 
570818523 
573138619 
579111743 
579918032 
582163725 
585719322 
588416093 
594323568 
595260468 
599741134 
599841170 
602086661 
605650434 
606824195 
607857092 
609123420 
609491036 
616845626 
617494666 
618524991 
620360471 
622643578 
622968128 
625613733 
633615565 
635365313 
637885526 
638005555 
640550122 
641515877 
644843919 
645274981 
645292341 
645430327 
645624534 
648674463 
648697499 
648957760 
649946594 
652581937 
653057405 
655347664 
656954138 
658414728 
658788644 
661666100 
662945574 
664869395 
665965120 
666892289 
667837529 
669639166 
671361652 
674123252 
674696046 
676620326 
684092533 
684473510 
687742379 
688360825 
691579322 
692186936 
694652624 
696309224 
696932133 
699372926 
707895141 
711482858 
714381897 
718925735 
719046194 
721331156 
721527972 
723410157 
724271321 
724595770 
725805552 
726250261 
730182898 
733447445 
734384900 
736517998 
736667114 
737246848 
738943918 
743273385 
745159880 
746096326 
747841890 
747856614 
748671576 
750000071 
751912152 
755676238 
757224199 
758287249 
764345022 
765414497 
765524746 
765707600 
767145495 
769477135 
769826146 
770574579 
770595565 
771578581 
771842267 
772087403 
775157449 
775427935 
776292685 
778549891 
779800482 
784293218 
785550617 
788530058 
790474471 
790555627 
791264504 
791952446 
792094217 
793131112 
794300801 
794841280 
795939566 
797263376 
799729353 
800389496 
801307929 
804291759 
805626192 
811074926 
811600518 
814798494 
814953306 
819665645 
825214738 
827657583 
828200473 
829077766 
831090511 
831193903 
831441662 
831492288 
835663299 
836377447 
839466618 
840166139 
843048210 
845541403 
845960725 
848163456 
853728633 
854033902 
861201859 
863952346 
871663085 
873888461 
875102365 
876608852 
877328372 
879397946 
882978799 
892156674 
895870136 
898168136 
898923733 
899829099 
906890781 
909513759 
914535833 
917844865 
918336940 
920358648 
920872009 
921115756 
921778413 
922173903 
926447056 
930052771 
933100637 
934128915 
934972838 
942060070 
943559590 
943981913 
945941721 
947200797 
953856278 
954509131 
956426306 
956722121 
956884458 
958479925 
964222091 
966146082 
966432935 
968482235 
970383142 
970610424 
972593896 
973654024 
973895272 
974162578 
976464991 
983037269 
983486574 
984637991 
984714860 
985872626 
986760983 
987966640 
988279868 
988709610 
990486304 
991573375 
992176428 
992609419 
1003018988 
1003312250 
1007792001 
1008357423 
1009300377 
1010565666 
1011943894 
1013291058 
1013903523 
1014916556 
1018771988 
1023050788 
1028495401 
1031269763 
1031345144 
1032328974 
1042386736 
1042625285 
1043389452 
1045578109 
1048865954 
1056977548 
1060355750 
1062849796 
1064365615 
1070052896 
